44
45
45
45
44
45
45
45
45
45
44
45
45
45
45
45
45
45
45
44
45
45
45
45
45
45
45
45
45
45
45
45
45
45
45
45
45
45
45
45
45
45
45
45
45
45
45
45
45
45
45
45
46
45
45
45
45
45
45
45
45
45
45
45
46
45
45
45
45
45
45
45
45
45
45
46
45
45
46
45
45
45
45
45
45
45
45
45
45
45
45
45
45
45
45
45
45
46
45
45
45
45
45
45
45
45
46
45
45
45
45
45
45
45
45
45
45
45
46
45
45
45
45
45
45
45
45
45
45
45
45
45
45
45
45
45
45
45
45
45
45
45
45
45
45
45
45
45
45
45
45
45
45
45
45
45
45
45
45
45
45
45
45
46
45
45
45
45
45
45
45
45
45
45
45
46
45
45
45
46
45
45
45
45
45
45
45
46
45
45
46
45
45
45
45
46
45
45
