46
49
50
50
51
51
51
51
51
51
51
51
52
52
52
52
52
51
52
52
52
51
52
52
52
52
52
52
52
51
52
52
52
52
52
52
52
52
52
52
54
52
52
51
52
52
52
52
52
52
52
52
52
52
52
52
52
52
52
52
52
52
52
52
52
52
52
52
52
52
52
52
52
52
52
52
54
52
52
52
54
52
52
52
52
52
52
52
52
54
52
52
52
52
52
54
52
52
52
52
52
54
54
54
52
52
52
52
54
52
52
54
52
52
52
52
54
52
52
52
54
54
54
52
54
54
54
54
52
54
54
52
54
54
54
54
54
54
54
54
54
54
54
54
54
54
52
54
54
52
54
54
54
52
54
54
54
54
54
52
54
52
54
54
54
54
54
54
54
54
54
54
54
54
54
54
54
54
54
54
54
54
54
54
54
54
54
54
54
54
54
54
54
54
54
54
54
54
54
