46
50
51
51
54
52
54
54
55
54
55
56
55
55
55
55
55
55
56
55
56
55
56
57
56
56
56
56
56
56
56
56
56
57
57
57
57
57
57
57
57
57
57
57
58
58
57
57
58
57
58
57
57
57
57
58
58
57
57
57
58
57
57
57
58
57
57
58
57
58
57
58
57
57
58
58
58
58
58
58
58
58
57
57
58
58
58
58
58
58
58
58
58
58
58
58
58
58
58
58
58
58
58
58
58
58
58
58
58
58
58
58
58
58
58
58
59
58
59
59
58
58
58
58
58
58
58
58
58
58
58
58
58
59
59
58
58
58
58
59
59
59
59
59
59
59
58
58
59
58
59
59
59
59
59
59
58
59
59
58
59
59
58
59
59
59
59
59
59
59
59
59
58
59
59
58
59
59
59
61
59
59
59
59
61
59
59
59
61
59
59
59
59
59
58
59
59
59
59
