45
46
45
46
46
46
46
46
45
46
46
46
46
46
45
45
46
46
45
46
45
46
46
46
46
46
46
45
45
46
46
46
46
46
45
46
46
45
46
45
46
45
46
46
45
46
46
46
46
45
46
45
46
45
45
46
45
46
45
46
45
46
45
45
46
46
46
46
45
46
45
46
46
46
46
45
46
46
46
46
46
46
46
46
46
46
46
45
45
46
46
46
46
46
46
46
46
46
46
46
46
46
46
46
46
46
46
46
46
46
46
46
46
46
46
46
46
46
46
46
46
46
46
46
46
46
46
46
46
46
46
46
46
46
46
45
46
45
46
46
46
46
46
46
46
46
46
46
46
46
46
46
46
46
46
46
46
46
46
46
46
46
46
46
46
46
46
46
46
46
46
46
46
46
46
46
46
46
46
48
46
46
46
46
48
46
46
46
46
46
46
46
46
46
46
46
46
46
