46
48
48
48
48
48
48
49
49
48
49
48
48
49
49
49
49
49
49
49
49
48
49
49
49
49
49
48
49
49
49
49
49
49
48
49
49
49
49
49
49
49
49
49
49
49
49
49
49
49
49
49
49
49
49
49
49
49
49
49
49
49
49
49
49
49
49
49
49
49
49
49
49
49
49
49
49
49
49
49
49
49
49
49
49
50
49
49
49
49
50
50
49
49
50
49
49
49
49
49
49
49
49
49
50
49
50
50
49
49
49
49
49
49
49
49
49
49
49
49
49
49
49
50
49
49
50
49
49
50
49
49
49
49
49
49
49
49
50
50
49
49
49
49
50
49
49
49
49
49
49
49
49
49
50
49
49
50
49
50
50
49
50
50
49
49
50
49
50
50
49
50
50
50
49
49
49
49
49
50
49
50
49
49
49
50
49
49
50
49
49
49
49
49
50
49
49
49
