43
42
43
42
42
42
42
42
43
42
42
42
43
42
42
42
42
42
42
42
42
42
42
42
42
42
43
42
42
43
42
42
42
42
42
43
42
43
43
43
42
42
42
43
42
42
43
43
43
42
43
43
42
42
43
42
43
42
42
43
43
42
42
42
43
42
43
42
43
42
43
42
42
43
43
42
43
42
43
43
43
43
43
42
42
42
43
43
42
43
43
43
43
43
43
43
42
43
43
43
43
42
42
43
43
42
43
43
43
43
43
43
43
43
43
43
43
42
43
43
42
43
43
43
43
43
43
43
43
43
43
42
43
42
43
43
43
43
43
43
43
43
43
43
43
43
43
43
43
43
43
43
43
43
43
43
43
43
43
43
43
43
43
43
43
43
43
43
43
43
43
43
44
43
43
43
43
44
43
43
43
43
43
43
43
44
43
43
43
43
43
43
44
44
43
44
44
