45587
1026000
47985
1026000
49184
1026000
47985
1026000
49184
1026000
49184
1026000
49184
1026000
50383
1026000
49184
1026000
50383
1026000
50383
1026000
50383
1026000
51582
1026000
51582
1026000
57577
1026000
58776
1026000
61174
1026000
61174
1026000
63572
1026000
63572
1026000
63572
1026000
64771
1026000
64771
1026000
65970
1026000
65970
1026000
67169
1026000
67169
1026000
67169
1026000
68368
1026000
68368
1026000
68368
1026000
68368
1026000
69567
1026000
69567
1026000
69567
1026000
70766
1026000
70766
1026000
70766
1026000
70766
1026000
71965
1026000
71965
1026000
71965
1026000
73164
1026000
73164
1026000
73164
1026000
73164
1026000
74363
1026000
74363
1026000
74363
1026000
74363
1026000
75562
1026000
75562
1026000
74363
1026000
75562
1026000
74363
1026000
75562
1026000
75562
1026000
75562
1026000
75562
1026000
75562
1026000
76761
1026000
76761
1026000
76761
1026000
76761
1026000
76761
1026000
76761
1026000
77960
1026000
76761
1026000
77960
1026000
77960
1026000
77960
1026000
77960
1026000
77960
1026000
77960
1026000
79159
1026000
79159
1026000
77960
1026000
79159
1026000
79159
1026000
79159
1026000
79159
1026000
79159
1026000
80358
1026000
80358
1026000
79159
1026000
79159
1026000
79159
1026000
80358
1026000
80358
1026000
80358
1026000
80358
1026000
80358
1026000
80358
1026000
80358
1026000
81557
1026000
81557
1026000
81557
1026000
80358
1026000
80358
1026000
81557
1026000
80358
1026000
81557
1026000
81557
1026000
81557
1026000
81557
1026000
81557
1026000
81557
1026000
81557
1026000
81557
1026000
81557
1026000
81557
1026000
81557
1026000
81557
1026000
81557
1026000
81557
1026000
81557
1026000
81557
1026000
81557
1026000
82756
1026000
81557
1026000
82756
1026000
81557
1026000
81557
1026000
82756
1026000
82756
1026000
82756
1026000
82756
1026000
81557
1026000
77960
1026000
75562
1026000
75562
1026000
76761
1026000
79159
1026000
80358
1026000
80358
1026000
80358
918000
79159
918000
79159
918000
79159
918000
80358
918000
79159
918000
79159
918000
79159
918000
79159
918000
79159
918000
79159
918000
79159
918000
79159
918000
79159
918000
79159
918000
79159
918000
79159
918000
79159
918000
79159
918000
79159
918000
79159
918000
79159
918000
79159
918000
79159
918000
79159
918000
79159
918000
79159
918000
79159
918000
79159
918000
79159
918000
79159
918000
79159
918000
79159
918000
79159
918000
79159
918000
79159
918000
79159
918000
79159
918000
79159
918000
79159
918000
79159
918000
79159
918000
79159
918000
79159
918000
79159
918000
79159
918000
74363
918000
73164
918000
73164
918000
73164
918000
76761
918000
76761
918000
77960
918000
77960
918000
77960
918000
77960
918000
77960
918000
77960
918000
77960
918000
79159
918000
79159
918000
77960
918000
77960
918000
79159
918000
77960
918000
79159
918000
77960
918000
77960
918000
77960
918000
79159
918000
77960
918000
79159
918000
77960
918000
79159
918000
79159
918000
79159
918000
77960
918000
77960
918000
77960
918000
79159
918000
79159
918000
79159
918000
79159
918000
79159
918000
77960
918000
79159
918000
77960
918000
79159
918000
79159
918000
77960
918000
79159
918000
79159
918000
77960
918000
79159
918000
79159
918000
79159
918000
79159
918000
79159
918000
79159
918000
76761
918000
74363
918000
74363
918000
73164
918000
71965
918000
75562
918000
75562
918000
76761
918000
76761
918000
76761
918000
76761
918000
76761
918000
76761
918000
76761
918000
76761
918000
77960
918000
76761
918000
77960
918000
76761
918000
77960
918000
77960
918000
77960
918000
76761
918000
77960
918000
77960
918000
77960
918000
77960
918000
77960
918000
77960
918000
77960
918000
76761
918000
77960
918000
77960
918000
77960
918000
77960
918000
77960
918000
77960
918000
76761
918000
77960
918000
76761
918000
77960
918000
77960
918000
77960
918000
77960
918000
77960
918000
77960
918000
77960
918000
76761
918000
77960
918000
77960
918000
77960
918000
77960
918000
77960
918000
76761
918000
75562
918000
73164
918000
71965
918000
71965
918000
71965
918000
74363
918000
75562
918000
75562
918000
75562
918000
76761
918000
76761
918000
76761
918000
76761
918000
76761
918000
75562
918000
76761
918000
76761
918000
76761
918000
76761
918000
76761
918000
76761
918000
76761
918000
76761
918000
76761
918000
76761
918000
75562
918000
76761
918000
76761
918000
76761
918000
76761
918000
76761
918000
76761
918000
76761
918000
76761
918000
76761
918000
76761
918000
76761
918000
76761
918000
76761
918000
77960
918000
76761
918000
76761
918000
76761
918000
76761
918000
76761
918000
76761
918000
76761
918000
76761
918000
76761
918000
76761
918000
76761
918000
76761
918000
76761
918000
76761
918000
76761
918000
73164
918000
71965
918000
73164
918000
73164
918000
71965
918000
74363
918000
74363
918000
75562
918000
75562
918000
75562
918000
76761
918000
75562
918000
76761
918000
76761
918000
76761
918000
76761
918000
76761
918000
76761
918000
76761
918000
76761
918000
76761
918000
76761
918000
76761
918000
76761
918000
76761
918000
76761
918000
76761
918000
76761
918000
76761
918000
76761
918000
76761
918000
76761
918000
76761
918000
76761
918000
76761
918000
76761
918000
76761
918000
76761
918000
76761
918000
76761
918000
76761
918000
76761
918000
76761
918000
76761
918000
76761
918000
76761
918000
76761
918000
76761
918000
76761
918000
76761
918000
76761
918000
77960
918000
76761
918000
76761
918000
73164
918000
73164
918000
71965
918000
70766
918000
70766
918000
74363
918000
74363
918000
75562
918000
75562
918000
75562
918000
75562
918000
75562
918000
75562
918000
76761
918000
76761
918000
76761
918000
76761
918000
76761
918000
76761
918000
76761
918000
76761
918000
76761
918000
76761
918000
76761
918000
76761
918000
76761
918000
76761
918000
76761
918000
76761
918000
76761
918000
76761
918000
76761
918000
76761
918000
76761
918000
77960
918000
76761
918000
76761
918000
76761
918000
76761
918000
76761
918000
76761
918000
76761
918000
76761
918000
76761
918000
76761
918000
76761
918000
76761
918000
76761
918000
76761
918000
76761
918000
76761
918000
76761
918000
76761
918000
76761
918000
74363
918000
71965
918000
73164
918000
71965
918000
70766
918000
73164
918000
74363
918000
75562
918000
75562
918000
75562
918000
75562
918000
76761
918000
76761
918000
75562
918000
75562
918000
76761
918000
76761
918000
76761
918000
76761
918000
76761
918000
76761
918000
76761
918000
76761
918000
76761
918000
76761
918000
76761
918000
76761
918000
76761
918000
76761
918000
76761
918000
76761
918000
76761
918000
77960
918000
76761
918000
76761
918000
76761
918000
77960
918000
76761
918000
76761
918000
76761
918000
76761
918000
76761
918000
76761
918000
76761
918000
76761
918000
76761
918000
76761
918000
76761
918000
77960
918000
76761
918000
76761
918000
76761
918000
76761
918000
76761
918000
75562
918000
73164
918000
74363
918000
73164
918000
73164
918000
