43
44
44
43
43
43
43
43
43
43
43
44
44
44
44
44
44
43
44
44
43
44
44
44
44
44
44
44
43
44
44
44
44
44
44
44
44
44
44
44
44
44
44
44
44
44
44
44
44
44
44
44
44
44
44
44
44
44
44
44
44
44
44
44
44
44
44
44
44
44
44
44
44
44
44
44
44
44
44
44
44
45
45
44
44
45
44
44
44
44
44
45
44
44
44
44
44
44
44
44
44
44
44
44
44
45
44
44
44
44
44
44
44
44
44
44
44
45
44
44
45
45
45
45
44
45
45
44
44
44
44
44
45
45
45
45
44
45
45
45
45
44
45
44
45
44
44
44
44
44
44
44
44
45
45
44
45
44
44
44
45
44
44
45
45
45
45
45
44
44
44
44
44
44
45
45
44
44
44
44
44
45
44
44
44
44
45
44
45
45
44
44
45
44
45
44
45
45
