46
50
50
51
51
52
51
52
52
52
52
52
52
52
52
52
52
54
54
54
52
52
54
54
54
52
54
54
52
52
54
54
54
54
54
54
55
54
54
54
54
54
54
54
54
54
54
55
54
55
54
54
55
55
54
54
54
54
55
54
54
55
55
54
55
55
54
55
55
54
55
54
54
55
55
55
54
55
54
54
54
55
55
55
55
55
54
55
55
54
54
55
54
54
55
55
55
54
54
54
55
55
55
55
54
55
55
55
55
55
54
55
55
55
55
54
55
55
54
55
55
55
55
55
55
55
55
56
55
55
55
55
55
55
55
55
55
55
55
55
54
55
55
55
55
54
55
55
55
55
55
55
55
55
55
55
55
54
55
55
54
55
55
55
55
55
55
55
55
55
55
55
55
55
55
55
55
55
55
55
55
55
55
55
55
55
55
55
55
55
55
55
55
55
55
55
55
55
55
