46
50
51
52
52
52
54
54
54
54
55
54
54
54
55
55
55
55
55
54
55
55
55
55
56
56
56
56
56
55
56
56
56
56
56
56
55
56
56
56
56
56
56
56
56
56
57
56
56
56
57
56
56
56
57
57
57
56
57
56
57
56
56
56
57
57
56
57
56
57
57
56
56
57
56
57
57
57
57
57
57
57
57
57
57
57
57
57
56
57
57
57
57
57
57
57
58
57
57
57
57
57
57
57
57
57
57
57
57
57
57
57
58
58
57
57
57
57
57
57
57
57
57
57
57
57
58
58
57
58
57
58
57
58
57
58
57
58
58
57
58
57
57
58
58
57
57
57
58
58
57
57
57
57
58
57
58
58
57
57
58
58
58
57
57
58
58
58
58
58
58
58
58
58
58
58
58
58
58
58
58
58
57
57
57
57
58
58
58
58
58
57
58
58
58
58
58
57
57
