42
45
48
49
50
50
51
52
52
54
54
54
55
55
55
56
56
56
56
57
57
57
57
58
58
58
58
58
59
61
59
59
59
59
61
61
61
59
61
62
62
61
61
61
62
62
62
62
63
62
62
63
63
62
62
63
63
63
63
64
63
64
64
63
63
64
64
64
64
64
64
64
64
64
64
64
64
64
64
64
64
65
64
64
64
63
64
64
64
64
64
65
64
63
63
64
65
65
64
63
63
63
64
64
64
64
63
64
65
64
64
64
65
65
64
64
64
64
63
63
64
64
64
65
64
63
63
64
65
64
64
64
64
64
63
64
64
64
64
64
63
63
64
63
64
64
65
64
64
64
64
63
64
64
65
64
64
64
64
64
64
64
64
64
64
64
64
64
64
63
64
65
64
64
64
64
63
63
64
63
64
64
64
65
64
64
64
64
64
64
65
64
64
64
63
64
64
64
