45
46
48
48
48
49
49
49
49
50
50
50
50
51
50
51
51
51
51
51
51
51
51
51
52
52
52
52
52
52
52
52
54
52
52
52
52
52
54
52
54
54
54
54
54
54
54
54
54
54
54
54
54
54
54
54
54
55
54
54
54
55
54
55
55
54
54
55
54
56
55
55
55
54
55
55
55
54
55
55
55
55
55
55
55
55
55
55
55
55
55
55
55
55
55
55
55
56
56
55
56
55
56
55
55
55
56
56
56
55
56
55
56
56
56
56
56
55
56
56
56
56
56
56
56
56
56
56
56
56
56
56
55
56
56
56
56
56
56
56
56
56
56
56
56
56
57
56
56
56
56
56
56
56
56
56
56
56
56
56
56
56
57
56
56
57
56
56
56
56
56
56
56
56
56
56
56
56
56
56
56
56
56
56
56
56
56
56
56
56
56
56
56
56
56
56
56
