45
49
51
54
54
54
55
56
56
57
57
58
58
59
58
59
59
61
62
61
61
62
62
62
62
63
63
63
63
63
64
64
64
64
64
63
64
64
64
64
64
64
64
63
64
64
63
63
64
64
64
63
64
63
64
63
64
64
64
64
64
64
65
64
63
64
64
64
64
64
63
63
65
64
64
64
64
64
64
64
64
64
63
64
64
64
64
64
64
64
65
63
64
64
64
63
64
64
64
64
64
64
64
64
64
64
64
64
64
64
64
63
64
64
63
64
64
64
64
64
64
64
63
64
64
64
63
64
64
64
64
64
64
64
65
64
64
63
64
64
64
64
64
64
64
63
64
63
63
64
64
64
64
63
63
63
64
64
64
64
64
64
64
63
64
64
64
64
64
64
64
64
64
64
64
64
64
64
64
64
63
64
64
64
64
64
64
63
63
64
64
64
63
64
65
64
64
64
