46
49
51
51
52
52
54
54
55
55
55
55
55
56
55
56
56
56
56
57
57
57
56
57
57
56
57
57
57
58
58
57
58
58
58
58
58
59
58
59
58
58
58
59
59
58
58
59
59
59
59
59
59
59
59
61
61
59
59
61
59
61
61
59
61
61
61
61
59
61
61
61
59
61
59
61
61
61
59
61
61
62
61
61
62
61
62
62
62
62
62
61
62
61
61
61
62
62
61
62
62
62
61
62
62
62
62
62
62
62
62
62
62
62
62
62
62
62
62
62
62
63
62
63
63
62
62
63
62
63
62
62
62
62
62
62
62
62
63
63
63
63
62
62
63
62
63
63
62
63
62
63
63
62
63
63
62
62
62
63
63
63
63
62
63
62
63
62
62
62
63
63
63
62
63
63
63
63
63
63
63
63
62
63
62
62
62
63
63
62
63
63
63
62
62
63
63
62
