45
46
45
45
46
46
46
46
46
48
48
48
49
49
49
49
49
49
49
50
50
50
50
50
51
51
50
50
51
51
51
50
50
51
51
51
51
51
51
52
51
51
51
51
52
52
52
52
52
52
52
52
52
52
52
52
54
52
52
52
52
52
52
54
52
52
54
52
52
54
52
54
54
54
54
54
54
54
54
54
54
54
54
54
54
54
54
54
54
54
54
54
54
54
54
54
54
54
54
54
54
54
54
55
55
54
55
54
55
54
55
54
54
54
54
54
54
54
55
54
54
55
54
55
54
55
54
54
54
55
54
54
54
54
54
55
55
55
55
54
55
55
54
55
54
54
55
54
54
55
55
54
55
55
54
55
55
55
55
55
55
55
55
55
54
54
54
54
54
54
54
55
55
55
55
54
54
55
55
55
55
55
55
54
54
54
55
55
55
54
54
55
55
55
55
54
55
