42
45
48
49
50
51
51
51
51
52
54
54
54
55
55
55
55
55
56
57
57
57
57
58
57
57
57
57
57
58
58
58
58
58
58
59
59
59
59
59
61
59
61
61
61
61
61
61
61
61
62
62
62
62
62
62
62
62
62
62
63
62
63
62
63
63
62
63
63
63
63
62
63
63
63
63
64
63
63
63
64
64
64
63
63
64
63
63
63
64
64
64
64
64
64
64
64
64
64
64
64
64
65
65
64
63
65
64
64
64
64
65
65
65
64
65
64
65
65
65
65
64
64
65
65
65
65
65
65
64
64
64
64
64
64
64
64
65
65
64
65
64
65
64
65
65
65
65
65
64
64
64
64
64
64
64
64
63
64
64
64
64
65
65
65
64
65
65
65
64
64
64
65
64
64
64
64
64
63
64
64
64
63
63
64
64
64
65
64
64
65
64
64
64
63
63
64
64
